0,560
0,559
0,558
0,557
4294967294,131
4294967294,130
4294967294,129
4294967294,128
4294967294,127
4294967294,126
4294967294,125
4294967294,124
4294967294,123
4294967294,122
4294967294,121
4294967294,120
4294967294,119
4294967294,118
4294967294,117
4294967294,116
4294967294,115
4294967294,114
4294967294,113
4294967294,112
4294967294,111
4294967294,110
4294967294,109
4294967294,108
4294967294,107
4294967294,106
4294967294,105
4294967294,104
4294967294,103
4294967294,102
4294967294,101
4294967294,100
4294967294,99
4294967294,98
4294967294,97
4294967294,96
4294967294,95
4294967294,94
4294967294,93
4294967294,92
4294967294,91
4294967294,90
4294967294,89
4294967294,88
4294967294,87
4294967294,86
4294967294,85
4294967294,84
4294967294,83
4294967294,82
4294967294,81
4294967294,80
4294967294,79
4294967294,78
4294967294,77
4294967294,76
4294967294,75
4294967294,74
4294967294,73
4294967294,72
4294967294,71
4294967294,70
4294967294,69
4294967294,68
4294967294,67
4294967294,66
4294967294,65
4294967294,64
4294967294,63
4294967294,62
4294967294,61
4294967294,60
4294967294,59
4294967294,58
4294967294,57
4294967294,56
4294967294,55
4294967294,54
4294967294,53
4294967294,52
4294967294,51
4294967294,50
4294967294,49
4294967294,48
4294967294,47
4294967294,46
4294967294,45
4294967294,44
4294967294,43
4294967294,42
4294967294,41
4294967294,40
4294967294,39
4294967294,38
4294967294,37
4294967294,36
4294967294,35
4294967294,34
4294967294,33
4294967294,32
4294967294,31
4294967294,30
4294967294,29
4294967294,28
4294967294,27
4294967294,26
4294967294,25
4294967294,24
4294967294,23
4294967294,22
4294967294,21
4294967294,20
4294967294,19
4294967294,18
4294967294,17
4294967294,16
4294967294,15
4294967294,14
4294967294,13
4294967294,12
4294967294,11
4294967294,10
4294967294,9
4294967294,8
4294967294,7
4294967294,6
4294967294,5
4294967294,4
4294967294,3
4294967294,2
4294967294,0
1,0
2,0
3,0
33,0
53,0
8,0
7,0
5,0
6,0
4,0
31,0
50,0
38,0
14,0
18,0
52,0
56,0
25,0
58,0
12,0
11,0
43,0
32,0
44,0
42,0
36,0
47,0
17,0
45,0
49,0
10,0
29,0
37,0
55,0
39,0
40,0
23,0
54,0
41,0
24,0
26,0
13,0
35,0
19,0
28,0
27,0
30,0
22,0
15,0
51,0
20,0
21,0
9,0
16,0
0,308
0,304
0,303
0,12
0,506
0,10
0,8
0,0
0,556
0,401
0,300
0,400
0,299
0,528
0,399
0,298
0,555
0,398
0,297
0,547
0,461
0,296
0,546
0,460
0,295
0,554
0,397
0,294
0,459
0,396
0,293
0,515
0,395
0,292
0,458
0,394
0,291
0,553
0,457
0,290
0,545
0,514
0,289
0,513
0,393
0,288
0,456
0,392
0,287
0,527
0,391
0,286
0,455
0,390
0,285
0,552
0,454
0,284
0,512
0,283
0,511
0,389
0,282
0,453
0,388
0,281
0,452
0,387
0,280
0,544
0,386
0,279
0,551
0,510
0,278
0,509
0,451
0,277
0,450
0,385
0,276
0,449
0,384
0,275
0,489
0,383
0,274
0,526
0,488
0,273
0,382
0,272
0,448
0,381
0,271
0,487
0,380
0,270
0,447
0,379
0,269
0,525
0,446
0,268
0,524
0,486
0,267
0,523
0,378
0,266
0,445
0,377
0,265
0,444
0,376
0,264
0,540
0,375
0,263
0,522
0,485
0,262
0,484
0,443
0,261
0,442
0,374
0,260
0,508
0,373
0,259
0,441
0,372
0,258
0,521
0,371
0,257
0,505
0,483
0,256
0,482
0,440
0,255
0,439
0,370
0,254
0,504
0,369
0,253
0,438
0,368
0,252
0,520
0,367
0,251
0,519
0,481
0,250
0,503
0,437
0,249
0,502
0,366
0,248
0,365
0,247
0,480
0,364
0,246
0,479
0,363
0,245
0,436
0,362
0,244
0,435
0,361
0,242
54,137
54,139
54,140
54,142
54,73
10,1
10,6
10,7
11,3
11,1
14,1
45,3
45,4
4,1
50,3
0,507
41,3
41,5
41,7
54,4
54,70
7,5
54,21
54,19
54,67
54,9
54,10
54,14
54,108
55,3
54,127
54,5
54,6
54,28
54,114
54,15
54,31
54,78
54,83
54,68
54,20
54,84
54,7
54,80
54,89
54,110
54,66
54,123
54,122
54,13
54,85
26,1
26,4
55,2
4,4
5,3
8,3
8,1
32,3
32,4
32,5
32,7
32,9
33,3
33,1
18,4
45,7
7,4
54,75
54,33
54,64
18,3
20,3
20,1
49,1
17,3
11,4
11,5
11,8
41,4
41,8
32,10
39,3
39,4
39,6
39,7
39,9
39,10
39,12
33,5
33,2
25,3
25,1
43,4
43,1
42,1
44,1
44,5
44,3
54,34
54,65
54,118
19,3
22,3
22,1
22,8
23,3
24,3
49,3
54,17
53,1
51,3
51,6
10,5
47,1
16,1
16,4
51,4
16,3
47,3
51,1
53,3
24,1
23,1
22,4
19,1
2,8
54,69
44,6
44,4
42,3
41,2
2,12
33,6
39,11
39,8
39,5
39,1
32,8
11,9
11,7
17,1
49,5
49,4
2,4
54,87
0,494
54,32
54,23
18,1
33,4
32,11
32,6
32,1
11,6
5,1
54,29
26,6
26,3
54,121
54,120
54,79
54,26
54,25
54,119
54,35
54,18
54,128
54,72
54,8
55,1
54,81
54,82
54,30
54,71
7,1
54,143
41,6
41,1
50,1
4,3
45,1
14,3
2,10
10,4
10,3
54,141
54,138
54,136
54,135
54,134
54,133
54,132
54,131
54,130
54,129
54,126
54,125
54,124
54,1
54,24
54,3
0,541
3,3
3,2
3,1
2,2
1,2
0,310
2,7
0,307
2,11
1,1
0,305
1,3
2,6
0,302
2,1
0,243
2,9
2,3
0,9
0,501
0,434
0,241
0,550
0,360
0,240
0,478
0,359
0,239
0,433
0,358
0,238
0,432
0,357
0,237
0,477
0,431
0,236
0,476
0,430
0,235
0,475
0,356
0,234
0,518
0,355
0,233
0,354
0,232
0,500
0,429
0,231
0,428
0,353
0,230
0,427
0,352
0,229
0,539
0,351
0,228
0,517
0,350
0,227
0,499
0,426
0,226
0,498
0,425
0,225
0,538
0,349
0,224
0,516
0,348
0,223
0,424
0,347
0,222
0,423
0,346
0,221
0,497
0,422
0,220
0,537
0,421
0,219
0,536
0,345
0,218
0,474
0,344
0,217
0,473
0,343
0,216
0,496
0,342
0,215
0,543
0,341
0,214
0,535
0,340
0,213
0,534
0,420
0,212
0,472
0,339
0,211
0,338
0,210
0,419
0,337
0,209
0,418
0,336
0,208
0,542
0,417
0,207
0,533
0,416
0,206
0,335
0,205
0,471
0,334
0,204
0,415
0,333
0,203
0,414
0,332
0,202
0,413
0,201
0,470
0,412
0,200
0,331
0,199
0,495
0,330
0,198
0,493
0,329
0,197
0,411
0,196
0,469
0,328
0,195
0,327
0,194
0,410
0,326
0,193
0,409
0,325
0,192
0,549
0,407
0,63
0,406
0,62
0,532
0,324
0,61
0,468
0,323
0,60
0,405
0,321
0,59
0,492
0,320
0,58
0,467
0,404
0,57
0,491
0,466
0,56
0,531
0,319
0,55
0,548
0,318
0,54
0,490
0,317
0,53
0,529
0,316
0,52
0,465
0,315
0,51
0,464
0,314
0,50
0,530
0,313
0,49
0,403
0,312
0,48
0,402
0,311
0,47
0,309
0,46
0,463
0,306
0,45
0,462
0,301
0,6
0,5
0,1
0,11
0,4
0,2
0,3
0,7
